$ANSIBLE_VAULT;1.1;AES256
31326133303537323463353762376265303338373231303638656264646564643638643731633735
3461336136386265323835353031636564323638396266370a666633396435363365656532343633
33663733663331633230663038373764343463623364323065303434383130623565613034346463
3730356666643962320a633536386432663566333266393631306265623234333964336566653237
62396535396532643162643937393164643565636339383865393234343435643561326463616536
62616565326230653138643265383134353734323634353136316339623838363038663731643666
36313131623331383434366163366263356366653330333630383938323539363264396132633738
61623533623631633061613538613665656431366238333633643065356533646230626131623932
64346163646631316434376130393862633739306233366637353461306237323963363237326237
63613761346532633962353933323661646334386436643637336636373730663664326536633637
62623637653661326432663466346233303030343937643638313762376532313538623165326339
36326639336436633533363566613936393934383431353637313432353338383433633362616661
31623163323930393963336461323366366335336161663935643862393566336634613936393833
36663235616162653038376331386332393664356631363566633339313838343638663533346136
30306564353531373533376337323663346231383539663931633932346638323333653634643433
31333964393431653036396430663231336533313531346565613065623231633832636162346633
38656665653639376464386139633565623935626332333164333437613635316530376532343634
34313138626436306465316632666232316432373337393965336634343765363639363865376264
66623539633264313062343930353864653231353231393238653136613234643330323864616235
63306664653664643566336238656133653762363134633730366365366264363432363666316534
39393463313838653032326539623334306637356437333539343531623835323766646366373237
30363961623735623166323530613865383936666439396638666133373234613161666535646466
37646539343134323931316561633935333164626134623266316264643638313564623039383266
39326238323430323135653466333731313765306632636233376665376435336232343661376262
33666165643861633266376661326439356666383538363034386263303437366433633865353363
36376435663763613537343936666439396336613935366235633137316137613766386261353761
61393930326463363036623238333630623465363765323161653233633034623261373462316664
36323137376234663566
